01011121
01101100
01100030
10100000
00001020
11111100
01100000
01000130
10001020
00101000
01010000
11010030
11011031
01010120
00011011
10010120
01110011
01110000
10111000
01110011
10100001
11100011
11001030
00101000
01001110
10111110
11010010
01000100
00001120
10010020
10100120
11010031
00010130
00101100
00101131
01100131
11010111
11010120
11110000
00101001
11010011
11010121
10001111
00101131
11001120
11100130
10001100
11110000
10100110
11111120
11001020
00001011
01010020
00101131
00001020
10011130
11100101
00111110
11000120
00111120
10000110
11000131
00110020
00101100
00010130
01111010
00011111
01001130
11000110
01001010
10100011
11110130
01000021
01110121
00100000
11011021
11111021
11010111
11100000
10110031
11011101
00111000
10111111
11010130
11101121
01001101
01101110
10010010
00000030
00001000
00011120
11100131
10010010
10000131
11000030
10001100
11101011
11001011
11010120
10000001
10010101
10001010
01011011
10010010
11011120
01111030
01101101
11001130
01011111
10110010
01000110
11010101
01001030
10101131
00111020
10010030
00100030
00110020
10110120
01011130
11110111
10100100
00011010
01100011
00001100
00101130
01011011
11111031
11001020
10111130
10110130
01011021
10111020
11100110
01011010
11111011
10001021
01000031
11011131
01010031
11111030
10101030
11000121
11001111
00100011
11111100
10101030
10111010
01100000
10111001
10011011
01011021
01111021
01001130
10000101
01011001
01011020
11011121
11101010
00100001
11011000
01100100
01001130
10111000
11101110
01101111
10000021
01001111
11010031
00111100
10100001
01010110
10110030
10111100
01111021
00000021
01010021
00010111
00100010
10011111
10011011
10111120
11100010
11010100
11110021
11100100
10111111
01001011
01011030
01001030
10001011
00111031
11010110
11010021
10101101
10101121
10100011
11010131
01011021
01000001
11111110
11111100
11111120
11111130
01111110
01111100
01111120
01111130
11111111
11111101
11111121
11111131
01111111
01111101
01111121
01111131